# H0 omega_b omega_cdm tau_reio n_s A_s M A_planck calib_100T calib_217T A_cib_217 xi_sz_cib A_sz ksz_norm gal545_A_100 gal545_A_143 gal545_A_143_217 gal545_A_217 ps_A_100_100 ps_A_143_143 ps_A_143_217 ps_A_217_217 galf_TE_A_100 galf_TE_A_100_143 galf_TE_A_100_217 galf_TE_A_143 galf_TE_A_143_217 galf_TE_A_217
1.292827916204167538e-01 2.815722002811330482e-05 -2.465039554209122745e-04 1.098143032870372649e-03 6.576864385137190343e-04 3.807661190933213368e-12 3.450393307373322924e-03 8.237422519225589602e-05 5.345993120033515152e-06 -1.516484422462569600e-06 -1.029453017815061405e-01 3.828581217102155869e-03 2.359956546140220060e-02 -3.835135895401063644e-02 9.058223544609772873e-03 -4.428103088874545926e-04 1.326439834571677828e-02 6.847328891478336732e-02 -4.047202110271991837e-01 -2.820342964890397708e-01 -8.870253304104346037e-02 -1.781063162562263741e-02 -1.117182721466421935e-04 -5.241786129382062343e-05 -4.940374724685277479e-05 -1.033257693343408258e-04 -1.370143592555398511e-03 -3.735870298876441467e-03
2.815722002811330482e-05 1.678370260702338653e-08 -3.000570642257366283e-08 2.132056546332593005e-07 1.020861229048359422e-07 9.759421574334306358e-16 7.738792844074840874e-07 1.770793286083445277e-08 2.199387951530334963e-09 -1.314247563708855948e-09 -6.693470109443257004e-05 2.263175422599518680e-06 1.533083944733964018e-05 -3.041738856959481181e-05 2.338590026427488602e-06 -4.385923150536817427e-06 -5.725799129612132926e-06 1.043419088304240845e-05 -3.441590503379924780e-04 -1.849512589318212002e-04 -4.141258327722335743e-05 4.654978799420362303e-06 -2.830585954464526902e-08 -2.377738460530178297e-08 8.934370854778852411e-08 -6.918192060770741900e-08 -4.874489548324377272e-07 -1.803073078665182709e-06
-2.465039554209122745e-04 -3.000570642257366283e-08 5.817393521733044218e-07 -2.316426155072082159e-06 -1.404258152069614960e-06 -7.271832502983981564e-15 -6.485178974567464149e-06 -1.760070048095276886e-07 -1.160894494030321620e-08 1.736549844005530171e-09 1.465632502975489082e-04 -3.720763577322837216e-06 -3.080252904796886623e-05 3.329262012596292188e-05 -2.780981240337697318e-05 -5.677058570311836545e-06 -5.216868138857116933e-05 -1.811861023218476734e-04 2.716632471518994822e-04 3.547652077920467485e-04 1.546579902937358420e-04 1.778969475556831066e-05 1.197423545442485015e-07 3.854059690739137463e-08 4.498451926665595521e-07 1.502748907876460234e-07 1.723907094424903096e-06 4.138301316740277945e-06
1.098143032870372649e-03 2.132056546332593005e-07 -2.316426155072082159e-06 6.131831553416940172e-05 7.539702672376382850e-06 2.350066566463894668e-13 2.902094601654893442e-05 -1.217366310515235487e-06 1.432487565327029011e-08 -3.364889599555607375e-08 -3.042686733324813375e-03 2.346193395776193920e-05 1.239310459387587139e-04 -8.210469637380832329e-04 6.522648190435575055e-05 -6.683533876851445422e-05 -8.694644749148737798e-05 1.243388485233223179e-03 -7.396230225822576949e-03 -4.654519790466419941e-03 -2.036863683018225613e-03 9.010712879051307588e-04 -2.627365514811425039e-06 -4.718744333367130352e-06 -7.320153902902469227e-06 -5.557259732134656395e-06 -2.400174448725913555e-06 -1.956060888580263689e-05
6.576864385137190343e-04 1.020861229048359422e-07 -1.404258152069614960e-06 7.539702672376382850e-06 1.214128044086093392e-05 2.227080569320354627e-14 1.748549197100188668e-05 2.884238774396312949e-07 -3.505815029895878005e-08 -5.191822676531081278e-08 -3.969032422377462808e-03 9.676533844807961996e-05 7.216388303192150001e-04 -2.035208108265352134e-03 2.861513096960186181e-04 -1.741322729089272742e-04 -7.202138071127705903e-05 1.676807814593685034e-03 -1.769129548889978795e-02 -5.247458133299484281e-03 1.498239919612811633e-03 4.292242312577655532e-03 1.678076906652569166e-06 1.768541916072822700e-06 -2.627323350334400163e-06 1.630853983826331639e-06 -1.639040629324388204e-06 -1.436702523792751443e-05
3.807661190933213368e-12 9.759421574334306358e-16 -7.271832502983981564e-15 2.350066566463894668e-13 2.227080569320354627e-14 1.024543620425708420e-21 1.012246752832299002e-13 1.974619584622796655e-14 4.200696143726218414e-16 -2.441649766652688040e-16 -1.191143198149882788e-11 1.974397141055886442e-13 4.821180332452170352e-13 -4.978486786868884101e-12 -4.698319999266685724e-13 -1.618764087573582924e-12 -1.609988800137713458e-12 6.846080290012713390e-12 -2.395189647391327424e-11 -1.460636629496480093e-11 -1.584461783291453594e-12 1.489813098055038131e-11 -1.441168393145935166e-14 -2.185813555537411555e-14 -2.262694014219210798e-14 -2.502404405330650370e-14 -3.700849627237726472e-15 -1.616965406490040515e-14
3.450393307373322924e-03 7.738792844074840874e-07 -6.485178974567464149e-06 2.902094601654893442e-05 1.748549197100188668e-05 1.012246752832299002e-13 1.053696908990087806e-04 2.171003582346971928e-06 1.311337053210854445e-07 -6.654326880822213096e-08 -2.667974550316729726e-03 1.050809740246603558e-04 7.359064785224032727e-04 -1.210345538776146351e-03 1.361032106314022340e-04 7.359470159157949741e-05 2.384947952345364353e-04 1.435753696208617565e-03 -1.318767654280739859e-02 -7.942319489581614600e-03 -1.948152065897631839e-03 -9.396967129480965114e-05 -2.180229392503008186e-06 -4.215076871121837378e-06 1.875250715299734162e-06 -3.088860231236175262e-06 -3.681920854532961331e-05 -9.640036812427335902e-05
8.237422519225589602e-05 1.770793286083445277e-08 -1.760070048095276886e-07 -1.217366310515235699e-06 2.884238774396312949e-07 1.974619584622796655e-14 2.171003582346971928e-06 6.157538500295512244e-06 2.773529172827984124e-08 -2.677570536020890320e-08 6.907013418464297977e-04 5.848606889379892692e-06 3.148116249239138779e-05 -1.512420264431509015e-05 -3.951333599124029537e-06 -3.334039753492103387e-05 6.003367498632189425e-05 8.123575806754931372e-04 3.815284904766130889e-03 7.652298764453119165e-04 5.876098991999350023e-04 1.162435138281059420e-03 -1.007046245311657507e-06 1.664080762363644658e-07 8.150579383944504638e-07 5.962065537971378688e-08 1.344551224546961043e-06 1.677821428830446503e-05
5.345993120033515152e-06 2.199387951530334963e-09 -1.160894494030321620e-08 1.432487565327029011e-08 -3.505815029895878005e-08 4.200696143726218414e-16 1.311337053210854445e-07 2.773529172827984124e-08 3.820155556012889938e-07 7.449501116272932605e-09 -2.746133760282038492e-04 3.719904254460562443e-06 1.442069979740242690e-04 -1.073396127487204801e-04 2.017541340735375436e-04 -1.885020643851377975e-04 1.321740758399641732e-05 1.815668737058318883e-04 3.173859660666204698e-03 1.482675392019960225e-05 5.002633136297634673e-04 5.742300084180684437e-04 -2.329331814748188043e-07 -1.037572230584149346e-07 -9.564537892584863430e-07 9.605196944436777662e-08 5.328453275053491732e-08 -6.045017078699983842e-07
-1.516484422462569600e-06 -1.314247563708855948e-09 1.736549844005530171e-09 -3.364889599555607375e-08 -5.191822676531081278e-08 -2.441649766652688040e-16 -6.654326880822213096e-08 -2.677570536020890320e-08 7.449501116272932605e-09 3.801876065992331041e-07 6.469474647501448740e-04 6.914568271033574518e-07 -5.096387188336721401e-05 3.588263422829101278e-05 -2.947491350026921916e-05 -7.274608248099120520e-05 3.476641278719707403e-04 8.627280614999361091e-04 5.817374900934965242e-04 8.631085122617242677e-05 -3.474653955362128131e-04 -1.283048664176633137e-03 1.916037675094530300e-08 2.341396226976406440e-07 9.044464019899684303e-07 2.574331915515280511e-08 -7.551061965464341709e-08 2.500352161907685400e-06
-1.029453017815061266e-01 -6.693470109443258359e-05 1.465632502975489624e-04 -3.042686733324813809e-03 -3.969032422377463676e-03 -1.191143198149882950e-11 -2.667974550316729726e-03 6.907013418464300145e-04 -2.746133760282038492e-04 6.469474647501448740e-04 4.284783833162976663e+01 -3.633836965844237654e-01 -7.262273344332479397e-01 -4.042101282397691508e-01 1.615256880791399730e-01 2.940676218663528796e-01 -6.064821087792552134e+00 -3.286888047232613275e+01 3.159240087650225703e+01 2.019196950632751175e+00 -1.181644240205571172e+01 -5.255226154520059367e+01 -3.808833138327666237e-04 4.603383819825815695e-03 1.581560639413327404e-02 4.499752072400267297e-03 3.159128389048219618e-03 2.021102399650452977e-02
3.828581217102155869e-03 2.263175422599518680e-06 -3.720763577322838063e-06 2.346193395776195953e-05 9.676533844807963351e-05 1.974397141055886442e-13 1.050809740246603830e-04 5.848606889379891845e-06 3.719904254460562443e-06 6.914568271033573459e-07 -3.633836965844237654e-01 8.265810335920274754e-02 -4.107128499936928828e-02 4.535563107616121664e-02 -1.155522240640621118e-02 2.294092244195336180e-02 1.197147901128683412e-01 1.401354345967236181e-01 -6.083835662941589062e-01 9.063984232045565470e-01 1.716152936698220444e+00 5.949662763571385016e-01 -1.841661778758630849e-04 -1.302290984253090097e-05 7.610842007650938735e-04 -9.788610431334605129e-05 -1.261799942881550369e-04 -9.183439016711544747e-04
2.359956546140219713e-02 1.533083944733964018e-05 -3.080252904796885945e-05 1.239310459387587681e-04 7.216388303192150001e-04 4.821180332452169342e-13 7.359064785224031643e-04 3.148116249239134713e-05 1.442069979740242419e-04 -5.096387188336721401e-05 -7.262273344332479397e-01 -4.107128499936928828e-02 3.912655706208411743e+00 -2.708956895953518629e+00 -1.164492260799628170e-01 2.003954495195700569e-01 2.749143256392077905e+00 3.431258503395152815e+00 -3.048399513831387253e+01 -3.143272304412364715e+00 7.709841901318589485e+00 5.072175703262052693e+00 5.405302280213666573e-04 1.323979745484791875e-04 1.073638816277770660e-03 -1.165730249170043344e-03 -1.705885882055926863e-03 -7.324085231131440520e-03
-3.835135895401063644e-02 -3.041738856959481181e-05 3.329262012596291510e-05 -8.210469637380833413e-04 -2.035208108265351701e-03 -4.978486786868883293e-12 -1.210345538776146351e-03 -1.512420264431504780e-05 -1.073396127487204801e-04 3.588263422829102633e-05 -4.042101282397691508e-01 4.535563107616120970e-02 -2.708956895953519073e+00 5.876488085525495286e+00 1.060495826270406033e-01 -2.054742416687878048e-01 -2.093055756228168640e+00 -2.229368652332156753e+00 1.280382318040732947e+01 -4.920053239289670088e+00 -1.156921724260586259e+01 -8.786047939209170821e+00 -5.272993331481096385e-04 5.141469778384158635e-04 5.372800347532692353e-03 6.389390313180479434e-05 1.911374832717581710e-03 -3.146300361579586029e-03
9.058223544609771138e-03 2.338590026427488602e-06 -2.780981240337697318e-05 6.522648190435585897e-05 2.861513096960186181e-04 -4.698319999266682695e-13 1.361032106314022340e-04 -3.951333599124045631e-06 2.017541340735375436e-04 -2.947491350026921916e-05 1.615256880791399452e-01 -1.155522240640620771e-02 -1.164492260799628170e-01 1.060495826270405895e-01 3.357189162558412932e+00 4.794005848255127322e-01 2.038810557547431623e-01 5.795733112068155585e-02 -7.157290420139868381e+00 -7.079209083594216745e-01 -1.008081236441374706e+00 -7.094278503826525473e-01 -3.516232896537344467e-04 7.470144318105105801e-04 -1.032138133250910025e-03 -1.135209937316968487e-03 4.150877641795911528e-04 -9.043651037013537841e-03
-4.428103088874537794e-04 -4.385923150536817427e-06 -5.677058570311839086e-06 -6.683533876851448132e-05 -1.741322729089272742e-04 -1.618764087573583125e-12 7.359470159157955162e-05 -3.334039753492102709e-05 -1.885020643851377704e-04 -7.274608248099120520e-05 2.940676218663528796e-01 2.294092244195336180e-02 2.003954495195700292e-01 -2.054742416687878048e-01 4.794005848255127322e-01 3.096096785730793055e+00 2.734846060041443039e+00 2.765765012936795220e+00 4.717900925466064876e+00 -1.373337040226686012e+00 -4.264914626381452467e-01 -9.460707356949606961e-01 2.590436245169803727e-04 5.772372685909372953e-05 -1.866126414803782104e-03 1.693688627616694344e-03 -2.842352958968351155e-03 -6.503103505165972950e-03
1.326439834571677481e-02 -5.725799129612133773e-06 -5.216868138857118288e-05 -8.694644749148737798e-05 -7.202138071127707258e-05 -1.609988800137713458e-12 2.384947952345364353e-04 6.003367498632192136e-05 1.321740758399641563e-05 3.476641278719707403e-04 -6.064821087792552134e+00 1.197147901128683412e-01 2.749143256392077905e+00 -2.093055756228168640e+00 2.038810557547431068e-01 2.734846060041443039e+00 1.081386909160813126e+01 1.931580908048821144e+01 -1.326752016926817390e+01 3.166133906864808001e+00 5.158229591208460363e+00 5.747079667458160124e+00 -7.543730884287193393e-04 -1.608283216543700137e-03 -7.364665588998548125e-03 -9.838899989652906408e-04 -7.920165532291165850e-03 2.989178572078483431e-03
6.847328891478338120e-02 1.043419088304241014e-05 -1.811861023218476734e-04 1.243388485233223395e-03 1.676807814593685251e-03 6.846080290012713390e-12 1.435753696208617565e-03 8.123575806754931372e-04 1.815668737058318883e-04 8.627280614999361091e-04 -3.286888047232613275e+01 1.401354345967235904e-01 3.431258503395152371e+00 -2.229368652332157197e+00 5.795733112068151421e-02 2.765765012936795220e+00 1.931580908048821144e+01 5.323969279162625412e+01 -2.369892980862772802e+01 3.416819386724905705e+00 7.849741734250274661e+00 3.290647542558797767e+01 -1.898551155837014358e-03 -5.766966976551110048e-03 -2.090341706673922925e-02 -2.533750706263807398e-03 -1.314423359861779071e-02 1.506811687553763317e-02
-4.047202110271991837e-01 -3.441590503379924238e-04 2.716632471518994822e-04 -7.396230225822576949e-03 -1.769129548889978795e-02 -2.395189647391327424e-11 -1.318767654280739859e-02 3.815284904766130889e-03 3.173859660666204698e-03 5.817374900934965242e-04 3.159240087650225703e+01 -6.083835662941587952e-01 -3.048399513831387253e+01 1.280382318040732947e+01 -7.157290420139869269e+00 4.717900925466064876e+00 -1.326752016926817745e+01 -2.369892980862772447e+01 7.700626108197101303e+02 6.808017473302034261e+01 -5.464100632615664921e+01 -5.328446726652113341e+01 -2.156640494004611990e-03 -3.716229233794180777e-03 -2.732117574578400536e-03 2.591105845184537432e-02 -3.287425253697013987e-03 1.285418649406705194e-01
-2.820342964890397708e-01 -1.849512589318212002e-04 3.547652077920467485e-04 -4.654519790466419941e-03 -5.247458133299484281e-03 -1.460636629496480093e-11 -7.942319489581616335e-03 7.652298764453120249e-04 1.482675392019959547e-05 8.631085122617242677e-05 2.019196950632750731e+00 9.063984232045565470e-01 -3.143272304412364715e+00 -4.920053239289670088e+00 -7.079209083594218965e-01 -1.373337040226686012e+00 3.166133906864808001e+00 3.416819386724905705e+00 6.808017473302035683e+01 5.986228674905333236e+01 3.926818395745259238e+01 1.447089375121958810e+01 -5.570721139652454364e-03 -3.466004424090861780e-03 -8.968240879158772194e-04 -2.753810310689783561e-03 6.504195330778487875e-03 5.356639447717509439e-02
-8.870253304104346037e-02 -4.141258327722335066e-05 1.546579902937358420e-04 -2.036863683018225613e-03 1.498239919612811850e-03 -1.584461783291453594e-12 -1.948152065897631839e-03 5.876098991999350023e-04 5.002633136297634673e-04 -3.474653955362129215e-04 -1.181644240205571172e+01 1.716152936698220444e+00 7.709841901318589485e+00 -1.156921724260586259e+01 -1.008081236441374706e+00 -4.264914626381452467e-01 5.158229591208460363e+00 7.849741734250274661e+00 -5.464100632615664210e+01 3.926818395745259238e+01 8.469621232704535885e+01 5.070294023576924047e+01 -2.552563212449925588e-03 -8.179812898638777604e-04 1.046090517986671478e-02 -3.491976911599067434e-03 1.272052823411546274e-03 -8.168266040656067470e-03
-1.781063162562264088e-02 4.654978799420362303e-06 1.778969475556832082e-05 9.010712879051306504e-04 4.292242312577655532e-03 1.489813098055038131e-11 -9.396967129480974601e-05 1.162435138281059420e-03 5.742300084180684437e-04 -1.283048664176633137e-03 -5.255226154520059367e+01 5.949662763571385016e-01 5.072175703262052693e+00 -8.786047939209170821e+00 -7.094278503826525473e-01 -9.460707356949606961e-01 5.747079667458160124e+00 3.290647542558797767e+01 -5.328446726652113341e+01 1.447089375121958810e+01 5.070294023576924047e+01 9.930530813240680743e+01 7.192574646022358627e-04 -4.623211796102859317e-03 -2.682895287360538214e-02 -6.953310905227237659e-03 7.213871950579881908e-04 -8.192858417972407464e-03
-1.117182721466422206e-04 -2.830585954464526902e-08 1.197423545442486603e-07 -2.627365514811423769e-06 1.678076906652568743e-06 -1.441168393145934850e-14 -2.180229392503007763e-06 -1.007046245311657507e-06 -2.329331814748187514e-07 1.916037675094528315e-08 -3.808833138327672742e-04 -1.841661778758631391e-04 5.405302280213670910e-04 -5.272993331481097470e-04 -3.516232896537346635e-04 2.590436245169805895e-04 -7.543730884287191225e-04 -1.898551155837014792e-03 -2.156640494004615025e-03 -5.570721139652456098e-03 -2.552563212449926889e-03 7.192574646022368385e-04 1.480027258761550243e-03 2.673795949947143486e-04 7.676136296078042850e-05 -3.687061750621663182e-04 -3.539409895922190718e-05 -9.785688480347299494e-05
-5.241786129382060310e-05 -2.377738460530177636e-08 3.854059690739148713e-08 -4.718744333367131199e-06 1.768541916072822700e-06 -2.185813555537412186e-14 -4.215076871121838225e-06 1.664080762363643070e-07 -1.037572230584148816e-07 2.341396226976406970e-07 4.603383819825814828e-03 -1.302290984253089080e-05 1.323979745484791062e-04 5.141469778384157550e-04 7.470144318105105801e-04 5.772372685909421742e-05 -1.608283216543700137e-03 -5.766966976551110048e-03 -3.716229233794179042e-03 -3.466004424090862214e-03 -8.179812898638789530e-04 -4.623211796102859317e-03 2.673795949947143486e-04 8.694541266389861633e-04 6.916491543341134326e-05 7.242094042132782641e-04 3.754931487037384280e-05 -6.769858839688275634e-04
-4.940374724685286288e-05 8.934370854778853735e-08 4.498451926665595521e-07 -7.320153902902469227e-06 -2.627323350334399740e-06 -2.262694014219210167e-14 1.875250715299735644e-06 8.150579383944502520e-07 -9.564537892584863430e-07 9.044464019899684303e-07 1.581560639413327404e-02 7.610842007650940903e-04 1.073638816277770877e-03 5.372800347532692353e-03 -1.032138133250910242e-03 -1.866126414803782104e-03 -7.364665588998548125e-03 -2.090341706673922925e-02 -2.732117574578405306e-03 -8.968240879158751594e-04 1.046090517986671478e-02 -2.682895287360538214e-02 7.676136296078045560e-05 6.916491543341134326e-05 7.291040122162234689e-03 -2.571253002512404579e-04 6.682503160952566390e-04 4.837501220174241813e-03
-1.033257693343407716e-04 -6.918192060770741900e-08 1.502748907876459704e-07 -5.557259732134654701e-06 1.630853983826331850e-06 -2.502404405330650370e-14 -3.088860231236173145e-06 5.962065537971378688e-08 9.605196944436778986e-08 2.574331915515282828e-08 4.499752072400268164e-03 -9.788610431334598353e-05 -1.165730249170043344e-03 6.389390313180505184e-05 -1.135209937316968487e-03 1.693688627616694777e-03 -9.838899989652902071e-04 -2.533750706263804796e-03 2.591105845184537085e-02 -2.753810310689780959e-03 -3.491976911599065266e-03 -6.953310905227239394e-03 -3.687061750621663725e-04 7.242094042132782641e-04 -2.571253002512404037e-04 2.810687136972011505e-03 4.222942141215109738e-04 -9.727487954087621347e-04
-1.370143592555398511e-03 -4.874489548324377272e-07 1.723907094424902672e-06 -2.400174448725913132e-06 -1.639040629324387993e-06 -3.700849627237726472e-15 -3.681920854532961331e-05 1.344551224546961043e-06 5.328453275053481144e-08 -7.551061965464344356e-08 3.159128389048218750e-03 -1.261799942881550369e-04 -1.705885882055926646e-03 1.911374832717580409e-03 4.150877641795909360e-04 -2.842352958968351155e-03 -7.920165532291165850e-03 -1.314423359861779245e-02 -3.287425253697013987e-03 6.504195330778487875e-03 1.272052823411546274e-03 7.213871950579840708e-04 -3.539409895922190718e-05 3.754931487037383602e-05 6.682503160952566390e-04 4.222942141215109738e-04 6.623881459205937031e-03 8.001255960428171540e-03
-3.735870298876440166e-03 -1.803073078665182709e-06 4.138301316740277945e-06 -1.956060888580264028e-05 -1.436702523792751443e-05 -1.616965406490040515e-14 -9.640036812427335902e-05 1.677821428830446164e-05 -6.045017078699988077e-07 2.500352161907685400e-06 2.021102399650452630e-02 -9.183439016711544747e-04 -7.324085231131439652e-03 -3.146300361579584294e-03 -9.043651037013537841e-03 -6.503103505165972950e-03 2.989178572078483431e-03 1.506811687553763664e-02 1.285418649406705194e-01 5.356639447717508745e-02 -8.168266040656065735e-03 -8.192858417972407464e-03 -9.785688480347302205e-05 -6.769858839688275634e-04 4.837501220174241813e-03 -9.727487954087619178e-04 8.001255960428171540e-03 7.110844535067320504e-02
